SoundC,70.0787016850011,1496829360772
Present,118,1496829360774
SoundRight,59.980687867052126,1496829365396
SoundC,50.159038478285424,1496829370785
Present,145,1496829370788
SoundRight,60.344693539541325,1496829375390
SoundC,58.433135904413454,1496829380790
Present,148,1496829380793
Seat2A,true,1496829382323
TotalSeatCount,3,1496829382323
SoundRight,62.22784126507214,1496829385390
SoundC,44.808697341762915,1496829390796
Present,153,1496829390798
Seat2A,false,1496829392413
TotalSeatCount,2,1496829392413
SoundRight,63.44070037358597,1496829395390
MoveFocus,GoTour,1496829400728
SoundC,58.433135904413454,1496829400801
Present,122,1496829400804
SoundRight,63.892421709800914,1496829405390
SoundC,60.20329792798059,1496829410806
Present,177,1496829410808
SoundRight,64.28942359386825,1496829415390
SoundC,48.55773214739296,1496829420810
Present,210,1496829420813
SoundRight,63.83058909564069,1496829425390
SoundC,48.55773214739296,1496829430815
Present,206,1496829430819
Seat2B,true,1496829432695
TotalSeatCount,3,1496829432695
SoundRight,62.83473398033307,1496829435390
SoundC,48.55773214739296,1496829440821
Present,144,1496829440824
SoundRight,61.7926666471587,1496829445390
SoundC,58.433135904413454,1496829450826
Present,187,1496829450829
SoundRight,60.95222680571359,1496829455390
MoveFocus,GoTour,1496829460830
SoundC,58.433135904413454,1496829460831
Present,99,1496829460834
SoundRight,60.33646001778769,1496829465390
SoundC,48.55773214739296,1496829470836
Present,125,1496829470839
SoundRight,59.93850944692448,1496829475392
SoundC,50.159038478285424,1496829480841
Present,163,1496829480844
SoundRight,59.73842169072038,1496829485392
Seat2B,false,1496829487649
TotalSeatCount,2,1496829487654
SoundC,50.159038478285424,1496829490855
Present,124,1496829490858
SoundRight,60.31025748998079,1496829495391
SoundC,65.24535518573873,1496829500860
Present,187,1496829500863
SoundRight,60.54496117120894,1496829505391
SoundC,50.159038478285424,1496829510865
Present,189,1496829510868
SoundRight,59.804953269359984,1496829515392
SoundC,50.159038478285424,1496829520870
Present,182,1496829520873
MoveFocus,GoTour,1496829520947
SoundRight,58.748376364809204,1496829525392
SoundC,60.20329792798059,1496829530875
Present,195,1496829530878
SoundRight,58.2101258369853,1496829535392
Seat2A,true,1496829537321
TotalSeatCount,3,1496829537321
SoundC,63.26648240367583,1496829540880
Present,181,1496829540883
SoundRight,59.49738389654771,1496829545390
SoundC,54.210802194865956,1496829550885
Present,187,1496829550888
SoundRight,59.51901258526136,1496829555390
SoundC,51.62091662308819,1496829560890
Present,170,1496829560893
SoundRight,59.47850777303598,1496829565391
Seat3A,true,1496829569883
TotalSeatCount,4,1496829569883
SoundC,58.433135904413454,1496829570896
Present,203,1496829570899
Entrance,null,1496829573542
UserCount,11,1496829573542
SoundRight,60.83975166856317,1496829575392
SoundC,57.472817393488484,1496829580901
Present,205,1496829580903
MoveFocus,GoTour,1496829581084
SoundRight,63.03950271641429,1496829585391
Seat2B,true,1496829587522
TotalSeatCount,5,1496829587522
SoundC,61.80460425887306,1496829590906
Present,169,1496829590909
Seat2B,false,1496829592620
TotalSeatCount,4,1496829592620
SoundRight,64.24875925296438,1496829595392
SoundC,48.55773214739296,1496829600911
Present,202,1496829600914
SoundRight,64.54915708964468,1496829605390
SoundC,59.341519288975356,1496829610924
Present,195,1496829610927
SoundRight,65.21850112147496,1496829615392
SoundC,64.61127993529891,1496829620929
Present,152,1496829620932
SoundRight,66.66131812960165,1496829625392
SoundC,54.210802194865956,1496829630934
Present,203,1496829630937
SoundRight,66.85049359417795,1496829635392
SoundC,74.55832985633069,1496829640939
Present,203,1496829640942
MoveFocus,GoTour,1496829641196
SoundRight,65.9537885067416,1496829645391
SoundC,68.0998289029382,1496829650944
Present,203,1496829650948
SoundRight,65.9415815576246,1496829655392
SoundC,65.8563679754536,1496829660950
Present,167,1496829660952
SoundRight,64.8089957807729,1496829665391
SoundC,61.023021476191225,1496829670955
Present,203,1496829670964
SoundRight,65.50434163665763,1496829675392
SoundC,62.551438321825636,1496829680968
Present,199,1496829680970
Seat1A,false,1496829681777
TotalSeatCount,4,1496829681777
SoundRight,65.23368640155356,1496829685392
SoundC,50.159038478285424,1496829690973
Present,199,1496829690976
SoundRight,64.84516239264539,1496829695392
SoundC,66.44593723960276,1496829700978
Present,201,1496829700981
MoveFocus,GoTour,1496829701293
SoundRight,65.29080203633335,1496829705392
SoundC,46.78757012382582,1496829710983
Present,204,1496829710986
Seat1B,false,1496829714945
TotalSeatCount,3,1496829714945
SoundRight,64.84134402732356,1496829715392
Seat1B,true,1496829720023
TotalSeatCount,4,1496829720023
SoundC,76.25684571588656,1496829720988
Present,198,1496829720991
SoundRight,65.56612308639957,1496829725391
SoundC,58.433135904413454,1496829731016
Present,175,1496829731019
SoundRight,64.56362894510757,1496829735392
SoundC,48.55773214739296,1496829741021
Present,207,1496829741024
SoundRight,64.04040643311465,1496829745390
SoundC,46.78757012382582,1496829751026
Present,208,1496829751030
SoundRight,64.2089015027872,1496829755392
SoundC,42.56523641427832,1496829761033
Present,205,1496829761036
MoveFocus,GoTour,1496829761440
SoundRight,63.5074187845165,1496829765390
SoundC,64.61127993529891,1496829771038
Present,190,1496829771041
SoundRight,64.70256256479539,1496829775390
SoundC,68.61682354019833,1496829781043
Present,191,1496829781046
SoundRight,65.32901992098101,1496829785390
SoundC,63.26648240367583,1496829791058
Present,184,1496829791061
SoundRight,66.70656033210824,1496829795390
SoundC,67.56641902255494,1496829801063
Present,180,1496829801066
SoundRight,67.54160831953483,1496829805390
SoundC,59.341519288975356,1496829811068
Present,187,1496829811071
SoundRight,66.61104440736855,1496829815391
SoundC,44.808697341762915,1496829821081
Present,194,1496829821084
MoveFocus,GoTour,1496829821547
SoundRight,67.91509042655865,1496829825391
SoundC,52.96571415471127,1496829831086
Present,201,1496829831089
SoundRight,67.41484209897366,1496829835391
SoundC,48.55773214739296,1496829841092
Present,197,1496829841094
SoundRight,68.31446454590268,1496829845391
SoundC,61.023021476191225,1496829851097
Present,198,1496829851099
SoundRight,68.35922456671572,1496829855391
Seat1B,false,1496829859787
TotalSeatCount,3,1496829859787
SoundC,42.56523641427832,1496829861102
Present,196,1496829861105
SoundRight,68.78603478431475,1496829865392
SoundC,48.55773214739296,1496829871107
Present,200,1496829871110
SoundRight,70.38064743917673,1496829875392
SoundC,52.96571415471127,1496829881112
Present,200,1496829881115
MoveFocus,GoTour,1496829881629
SoundRight,68.94652066520034,1496829885390
SoundC,69.60540278108363,1496829891117
Present,200,1496829891120
SoundRight,68.91388368936099,1496829895390
SoundC,63.26648240367583,1496829901122
Present,199,1496829901125
SoundRight,67.74554299319081,1496829905390
SoundC,65.8563679754536,1496829911128
Present,209,1496829911130
SoundRight,65.92486116426103,1496829915392
SoundC,61.023021476191225,1496829921133
Present,194,1496829921135
SoundRight,64.40531633868278,1496829925392
SoundC,44.808697341762915,1496829931138
Present,202,1496829931140
SoundRight,63.657169541149486,1496829935390
SoundC,44.808697341762915,1496829941143
Present,212,1496829941146
MoveFocus,GoTour,1496829941696
SoundRight,62.97947396382407,1496829945391
SoundC,51.62091662308819,1496829951148
Present,182,1496829951151
SoundRight,64.57458128464242,1496829955391
SoundC,72.26372429269907,1496829961153
Present,186,1496829961156
SoundRight,64.72715223176749,1496829965391
SoundC,67.01551720930587,1496829971168
Present,183,1496829971171
SoundRight,66.610382256529,1496829975390
SoundC,56.45426312235056,1496829981173
Present,192,1496829981176
SoundRight,67.2747482467697,1496829985391
SoundC,50.159038478285424,1496829991178
Present,192,1496829991181
SoundRight,68.13436929960885,1496829995391
SoundC,57.472817393488484,1496830001183
Present,214,1496830001186
MoveFocus,GoTour,1496830001868
SoundRight,69.75054473903445,1496830005391
SoundC,50.159038478285424,1496830011188
Present,213,1496830011191
SoundRight,67.84587976492436,1496830015392
SoundC,68.61682354019833,1496830021193
Present,189,1496830021197
SoundRight,67.49518470174164,1496830025393
SoundC,48.55773214739296,1496830031207
Present,190,1496830031210
SoundRight,67.28314067917958,1496830035392
SoundC,70.5390318503356,1496830041212
Present,187,1496830041215
SoundRight,67.24775977172432,1496830045391
SoundC,56.45426312235056,1496830051218
Present,186,1496830051221
SoundRight,66.93986134636972,1496830055392
SoundC,65.8563679754536,1496830061223
Present,188,1496830061226
MoveFocus,GoTour,1496830062015
SoundRight,67.19644797706091,1496830065391
SoundC,51.62091662308819,1496830071228
Present,210,1496830071231
Seat1B,true,1496830074256
TotalSeatCount,4,1496830074256
SoundRight,67.32336468464477,1496830075392
SoundC,68.61682354019833,1496830081233
Present,168,1496830081236
SoundRight,67.11319665204648,1496830085391
SoundC,55.369951428718224,1496830091238
Present,198,1496830091241
SoundRight,66.8441824216764,1496830095391
SoundC,51.62091662308819,1496830101244
Present,180,1496830101247
SoundRight,66.16919889607752,1496830105392
SoundC,48.55773214739296,1496830111249
Present,178,1496830111251
SoundRight,66.32773744679477,1496830115390
SoundC,69.60540278108363,1496830121254
Present,197,1496830121257
MoveFocus,GoTour,1496830122092
SoundRight,66.15761661842315,1496830125390
SoundC,50.159038478285424,1496830131259
Present,215,1496830131262
SoundRight,65.86957606662094,1496830135392
SoundC,52.96571415471127,1496830141264
Present,217,1496830141268
SoundRight,66.31192071325914,1496830145391
SoundC,60.20329792798059,1496830151271
Present,175,1496830151273
Seat1B,false,1496830154204
TotalSeatCount,3,1496830154204
SoundRight,66.92852715657774,1496830155391
SoundC,67.01551720930587,1496830161275
Present,181,1496830161279
SoundRight,67.1335012676224,1496830165392
Seat1B,true,1496830169277
TotalSeatCount,4,1496830169277
SoundC,44.808697341762915,1496830171281
Present,171,1496830171283
SoundRight,66.29138254871,1496830175391
SoundC,48.55773214739296,1496830181286
Present,197,1496830181289
MoveFocus,GoTour,1496830182239
SoundRight,65.95472626042827,1496830185390
SoundC,44.808697341762915,1496830191299
Present,187,1496830191302
SoundRight,64.8539271225705,1496830195390
SoundC,62.551438321825636,1496830201312
Present,223,1496830201315
SoundRight,66.08006074916142,1496830205390
SoundC,44.808697341762915,1496830211326
Present,187,1496830211330
SoundRight,65.41172795463068,1496830215392
Seat2B,true,1496830221289
TotalSeatCount,5,1496830221294
SoundC,75.93060245540138,1496830221333
Present,224,1496830221336
SoundRight,66.30057657856294,1496830225390
Seat2B,false,1496830226382
TotalSeatCount,4,1496830226382
SoundC,56.45426312235056,1496830231338
Present,190,1496830231341
SoundRight,66.283957751729,1496830235391
SoundC,79.21198480314258,1496830241343
Present,195,1496830241346
Seat2B,true,1496830241425
Seat3B,false,1496830241425
TotalSeatCount,5,1496830241425
MoveFocus,GoTour,1496830242341
SoundRight,66.31116998710782,1496830245391
Seat2B,false,1496830246518
TotalSeatCount,4,1496830246518
SoundC,46.78757012382582,1496830251348
Present,187,1496830251351
SoundRight,65.58635436025196,1496830255390
SoundC,55.369951428718224,1496830261353
Present,185,1496830261357
SoundRight,63.74220395930021,1496830265391
SoundC,65.24535518573873,1496830271360
Present,193,1496830271363
SoundRight,62.617544782509036,1496830275392
Seat2B,true,1496830276564
TotalSeatCount,5,1496830276564
SoundC,50.159038478285424,1496830281374
Present,182,1496830281377
Seat2B,false,1496830281667
TotalSeatCount,4,1496830281667
SoundRight,61.29857461199919,1496830285391
SoundC,51.62091662308819,1496830291379
Present,184,1496830291382
SoundRight,59.577327358189905,1496830295391
Seat4A,false,1496830297775
TotalSeatCount,4,1496830297780
SoundC,46.78757012382582,1496830301397
Present,196,1496830301399
MoveFocus,GoTour,1496830302443
SoundRight,58.938604961734185,1496830305391
Seat2B,true,1496830306715
TotalSeatCount,5,1496830306715
SoundC,50.159038478285424,1496830311402
Present,182,1496830311404
SoundRight,59.806715412457876,1496830315391
Seat2B,false,1496830316790
TotalSeatCount,4,1496830316790
SoundC,57.472817393488484,1496830321407
Present,189,1496830321410
SoundRight,60.542210379986315,1496830325391
SoundC,52.96571415471127,1496830331412
Present,185,1496830331415
SoundRight,61.668973440599004,1496830335391
SoundC,51.62091662308819,1496830341417
Present,187,1496830341420
SoundRight,62.27039456409082,1496830345392
Seat2B,true,1496830346836
TotalSeatCount,5,1496830346836
SoundC,48.55773214739296,1496830351422
Present,196,1496830351425
SoundRight,64.16798084353131,1496830355391
SoundC,58.433135904413454,1496830361427
Present,202,1496830361430
MoveFocus,GoTour,1496830362555
SoundRight,64.10518757411619,1496830365391
SoundC,51.62091662308819,1496830371433
Present,202,1496830371435
SoundRight,64.59968235789609,1496830375390
Seat2B,false,1496830376862
TotalSeatCount,4,1496830376862
SoundC,80.00588052151659,1496830381438
Present,180,1496830381440
SoundRight,62.957867040750315,1496830385390
SoundC,77.50193375604124,1496830391452
Present,192,1496830391454
SoundRight,63.2544646817106,1496830395391
SoundC,50.159038478285424,1496830401457
Present,181,1496830401460
SoundRight,63.14882596771206,1496830405391
SoundC,50.159038478285424,1496830411462
Present,193,1496830411465
SoundRight,63.235400182644824,1496830415391
SoundC,61.80460425887306,1496830421467
Present,109,1496830421470
MoveFocus,GoTour,1496830422647
SoundRight,63.86802064475832,1496830425391
SoundC,46.78757012382582,1496830431472
Present,199,1496830431475
SoundRight,62.82063772785955,1496830435391
SoundC,50.159038478285424,1496830441478
Present,181,1496830441480
SoundRight,64.3386937028285,1496830445391
SoundC,54.210802194865956,1496830451483
Present,171,1496830451485
SoundRight,64.19099172567456,1496830455391
Seat2B,true,1496830456750
TotalSeatCount,5,1496830456750
SoundC,55.369951428718224,1496830461488
Present,186,1496830461491
SoundRight,64.1269108485406,1496830465391
SoundC,58.433135904413454,1496830471493
Present,185,1496830471496
SoundRight,63.64057158861849,1496830475391
Seat2B,false,1496830476800
TotalSeatCount,4,1496830476800
SoundC,42.56523641427832,1496830481498
Present,184,1496830481501
MoveFocus,GoTour,1496830482724
SoundRight,64.812145395727,1496830485391
SoundC,72.66858725677886,1496830491503
Present,200,1496830491506
Seat1B,false,1496830493850
TotalSeatCount,3,1496830493850
SoundRight,65.88492358569958,1496830495391
SoundC,60.20329792798059,1496830501509
Present,215,1496830501511
SoundRight,65.57056992806407,1496830505391
SoundC,68.0998289029382,1496830511514
Present,172,1496830511517
SoundRight,64.28327629202879,1496830515391
SoundC,68.0998289029382,1496830521519
Present,187,1496830521522
SoundRight,64.62245272898629,1496830525391
SoundC,70.987085069563,1496830531524
Present,185,1496830531527
SoundRight,65.18760422231176,1496830535391
SoundC,62.551438321825636,1496830541529
Present,184,1496830541532
MoveFocus,GoTour,1496830542851
SoundRight,65.27523177033227,1496830545391
SoundC,73.06392314376754,1496830551535
Present,148,1496830551538
SoundRight,64.93088317387452,1496830555391
SoundC,66.44593723960276,1496830561540
Present,189,1496830561542
Seat1B,true,1496830563867
TotalSeatCount,4,1496830563867
SoundRight,64.7420561240809,1496830565391
SoundC,46.78757012382582,1496830571545
Present,203,1496830571548
SoundRight,63.93408358871169,1496830575391
SoundC,48.55773214739296,1496830581550
Present,169,1496830581553
SoundRight,63.16770064803841,1496830585391
SoundC,61.80460425887306,1496830591557
Present,205,1496830591559
SoundRight,63.10776477891077,1496830595391
Seat2B,true,1496830596654
TotalSeatCount,5,1496830596654
SoundC,46.78757012382582,1496830601561
Present,177,1496830601564
Seat2B,false,1496830601727
TotalSeatCount,4,1496830601727
MoveFocus,GoTour,1496830602948
SoundRight,62.884861334240576,1496830605391
Seat2B,true,1496830606815
TotalSeatCount,5,1496830606815
SoundC,69.60540278108363,1496830611566
Present,132,1496830611569
Seat2B,false,1496830611927
TotalSeatCount,4,1496830611927
Seat1B,false,1496830613938
TotalSeatCount,3,1496830613938
SoundRight,62.85954685610705,1496830615391
Seat2A,false,1496830620372
TotalSeatCount,2,1496830620372
SoundC,55.369951428718224,1496830621571
Present,139,1496830621574
SoundRight,62.69002661797584,1496830625391
Seat2A,true,1496830625470
TotalSeatCount,3,1496830625470
SoundC,69.60540278108363,1496830631577
Present,194,1496830631580
SoundRight,63.43872140728804,1496830635391
SoundC,56.45426312235056,1496830641590
Present,193,1496830641593
SoundRight,63.96955899388935,1496830645393
SoundC,44.808697341762915,1496830651595
Present,170,1496830651598
SoundRight,63.33803373566786,1496830655391
Seat2A,false,1496830655501
TotalSeatCount,2,1496830655501
SoundC,77.19920484509075,1496830661600
Present,190,1496830661603
MoveFocus,GoTour,1496830663070
SoundRight,63.41606175522174,1496830665390
SoundC,63.95233273361063,1496830671605
Present,194,1496830671608
SoundRight,63.14456015886531,1496830675391
SoundC,68.61682354019833,1496830681610
Present,175,1496830681613
SoundRight,63.47245350172607,1496830685391
Seat2A,true,1496830685527
TotalSeatCount,3,1496830685527
Seat1B,true,1496830688843
TotalSeatCount,4,1496830688843
SoundC,69.11838317407611,1496830691624
Present,92,1496830691627
SoundRight,64.66022771254656,1496830695391
SoundC,68.0998289029382,1496830701629
Present,179,1496830701632
SoundRight,63.54637096630445,1496830705391
SoundC,42.56523641427832,1496830711634
Present,206,1496830711646
SoundRight,64.28071364782353,1496830715391
SoundC,50.159038478285424,1496830721649
Present,201,1496830721651
MoveFocus,GoTour,1496830723177
SoundRight,64.15579901057268,1496830725391
SoundC,77.19920484509075,1496830731653
Present,115,1496830731656
SoundRight,64.77401345937778,1496830735391
SoundC,51.62091662308819,1496830741666
Present,159,1496830741669
SoundRight,65.43865842493607,1496830745391
SoundC,48.55773214739296,1496830751671
Present,170,1496830751674
Seat1B,false,1496830753843
TotalSeatCount,3,1496830753843
SoundRight,64.96129292554029,1496830755391
SoundC,71.84886370856825,1496830761677
Present,192,1496830761679
SoundRight,65.60952824708012,1496830765391
SoundC,46.78757012382582,1496830771682
Present,176,1496830771684
SoundRight,65.46406409139449,1496830775390
SoundC,48.55773214739296,1496830781686
Present,184,1496830781689
MoveFocus,GoTour,1496830783274
SoundRight,65.19860219494117,1496830785391
SoundC,56.45426312235056,1496830791691
Present,194,1496830791694
SoundRight,64.59870400869912,1496830795390
SoundC,75.59789851419828,1496830801697
Present,150,1496830801699
SoundRight,64.64335273096951,1496830805391
SoundC,44.808697341762915,1496830811701
Present,147,1496830811704
SoundRight,64.39261932388816,1496830815392
SoundC,57.472817393488484,1496830821707
Present,168,1496830821709
SoundRight,64.67409603272219,1496830825392
SoundC,48.55773214739296,1496830831712
Present,165,1496830831715
SoundRight,64.17033441959558,1496830835390
SoundC,72.26372429269907,1496830841717
Present,97,1496830841720
MoveFocus,GoTour,1496830843361
SoundRight,63.9374771754873,1496830845390
SoundC,44.808697341762915,1496830851722
Present,134,1496830851725
SoundRight,64.1830533172092,1496830855391
SoundC,44.808697341762915,1496830861727
Present,171,1496830861730
SoundRight,64.4049514517127,1496830865392
SoundC,62.551438321825636,1496830871732
Present,144,1496830871735
SoundRight,66.0692125256954,1496830875390
SoundC,44.808697341762915,1496830881738
Present,180,1496830881740
SoundRight,66.24073857340423,1496830885390
SoundC,44.808697341762915,1496830891743
Present,103,1496830891759
SoundRight,66.71349188600283,1496830895390
SoundC,72.66858725677886,1496830901763
Present,194,1496830901766
MoveFocus,GoTour,1496830903488
SoundRight,66.47731497842865,1496830905390
SoundC,71.84886370856825,1496830911768
Present,143,1496830911782
SoundRight,66.69878563741165,1496830915390
SoundC,46.78757012382582,1496830921786
Present,188,1496830921798
SoundRight,65.33424923769311,1496830925390
SoundC,50.159038478285424,1496830931800
Present,195,1496830931803
SoundRight,63.62683405463194,1496830935390
SoundC,67.01551720930587,1496830941805
Present,183,1496830941808
SoundRight,62.00422750582174,1496830945394
SoundC,48.55773214739296,1496830951810
Present,201,1496830951813
SoundRight,62.654944050012766,1496830955390
SoundC,46.78757012382582,1496830961815
Present,173,1496830961818
MoveFocus,GoTour,1496830963615
SoundRight,62.924421441755854,1496830965390
SoundC,42.56523641427832,1496830971820
Present,192,1496830971823
Seat1B,true,1496830973450
TotalSeatCount,4,1496830973450
SoundRight,62.868268779601586,1496830975390
SoundC,48.55773214739296,1496830981826
Present,188,1496830981829
SoundRight,62.65657768834435,1496830985390
Seat2B,true,1496830986367
TotalSeatCount,5,1496830986367
SoundC,62.551438321825636,1496830991848
Present,142,1496830991851
SoundRight,62.54011749546291,1496830995390
Seat2B,false,1496830996482
TotalSeatCount,4,1496830996482
SoundC,64.61127993529891,1496831001853
Present,145,1496831001856
SoundRight,63.44319197689417,1496831005390
SoundC,72.66858725677886,1496831011859
Present,188,1496831011870
SoundRight,62.85206005224928,1496831015390
Seat1B,false,1496831016007
TotalSeatCount,3,1496831016007
SoundC,51.62091662308819,1496831021872
Present,188,1496831021875
MoveFocus,GoTour,1496831023762
SoundRight,61.63552113749913,1496831025390
SoundC,54.210802194865956,1496831031885
Present,186,1496831031888
SoundRight,60.846554696178096,1496831035394
Seat2B,true,1496831036468
TotalSeatCount,4,1496831036468
Seat1B,true,1496831041076
TotalSeatCount,5,1496831041076
SoundC,50.159038478285424,1496831041891
Present,182,1496831041893
SoundRight,62.23398677873429,1496831045390
SoundC,50.159038478285424,1496831051895
Present,176,1496831051898
SoundRight,62.580050225690385,1496831055390
SoundC,46.78757012382582,1496831061900
Present,173,1496831061903
SoundRight,61.453323690531285,1496831065390
SoundC,56.45426312235056,1496831071914
Present,167,1496831071925
SoundRight,61.11221861347266,1496831075390
SoundC,77.19920484509075,1496831081928
Present,181,1496831081931
MoveFocus,GoTour,1496831083833
SoundRight,62.08700108089776,1496831085390
Seat2B,false,1496831091468
TotalSeatCount,4,1496831091468
SoundC,48.55773214739296,1496831091933
Present,185,1496831091936
SoundRight,61.9546785216121,1496831095390
SoundC,68.0998289029382,1496831101938
Present,181,1496831101949
SoundRight,61.242258854072155,1496831105390
SoundC,48.55773214739296,1496831111952
Present,143,1496831111955
SoundRight,59.94224657297163,1496831115390
SoundC,58.433135904413454,1496831121957
Present,152,1496831121960
SoundRight,60.85992913213189,1496831125390
Seat2A,false,1496831129318
TotalSeatCount,3,1496831129318
Seat1B,false,1496831131024
TotalSeatCount,2,1496831131024
SoundC,64.61127993529891,1496831131971
Present,159,1496831131974
SoundRight,60.753719577147685,1496831135390
SoundC,70.0787016850011,1496831141976
Present,146,1496831141979
MoveFocus,GoTour,1496831143940
SoundRight,60.64601058620484,1496831145390
SoundC,61.80460425887306,1496831151981
Present,206,1496831151984
SoundRight,60.874146308300126,1496831155390
SoundC,52.96571415471127,1496831161986
Present,201,1496831161989
SoundRight,60.25440990442196,1496831165390
SoundC,56.45426312235056,1496831171991
Present,96,1496831171994
SoundRight,60.668874338937016,1496831175390
TotalSeatCount,2,1496831181961
SoundC,54.210802194865956,1496831181996
Present,101,1496831181999
SoundRight,60.41264899685014,1496831185390
SoundC,67.01551720930587,1496831192002
Present,205,1496831192005
SoundRight,61.37096566423445,1496831195390
Seat2A,true,1496831199295
TotalSeatCount,3,1496831199295
SoundC,62.551438321825636,1496831202018
Present,180,1496831202021
MoveFocus,GoTour,1496831204032
SoundRight,61.22269009799272,1496831205390
SoundC,72.66858725677886,1496831212023
Present,255,1496831212026
SoundRight,63.255280167060896,1496831215390
SoundC,46.78757012382582,1496831222028
Present,177,1496831222031
SoundRight,63.36067235914951,1496831225390
SoundC,52.96571415471127,1496831232033
Present,208,1496831232036
SoundRight,63.77744132599303,1496831235390
SoundC,48.55773214739296,1496831242038
Present,224,1496831242041
SoundRight,64.33409866629282,1496831245390
SoundC,44.808697341762915,1496831252044
Present,238,1496831252047
SoundRight,63.86438125841804,1496831255390
SoundC,44.808697341762915,1496831262049
Present,192,1496831262053
MoveFocus,GoTour,1496831264109
SoundRight,62.77183282948582,1496831265390
SoundC,46.78757012382582,1496831272055
Present,199,1496831272058
SoundRight,60.03374916002739,1496831275390
SoundC,59.341519288975356,1496831282061
Present,218,1496831282072
SoundRight,59.47831807445564,1496831285390
SoundC,50.159038478285424,1496831292074
Present,215,1496831292077
SoundRight,59.062756304108554,1496831295390
SoundC,61.023021476191225,1496831302088
Present,190,1496831302090
SoundRight,58.71960404825673,1496831305390
Seat6A,false,1496831305531
TotalSeatCount,2,1496831305531
Seat6A,true,1496831310679
TotalSeatCount,3,1496831310679
SoundC,50.159038478285424,1496831312101
Present,209,1496831312104
SoundRight,58.367790923743044,1496831315393
Seat6A,false,1496831315727
TotalSeatCount,2,1496831315727
SoundC,65.8563679754536,1496831322106
Present,195,1496831322109
MoveFocus,GoTour,1496831324206
SoundRight,59.04635306964984,1496831325393
SoundC,46.78757012382582,1496831332111
Present,189,1496831332123
SoundRight,59.53689674727616,1496831335390
SoundC,57.472817393488484,1496831342127
Present,186,1496831342138
SoundRight,60.295820046787405,1496831345390
SoundC,71.84886370856825,1496831352140
Present,194,1496831352143
SoundRight,59.98913010037511,1496831355393
SoundC,52.96571415471127,1496831362149
Present,187,1496831362152
SoundRight,59.87469468474809,1496831365390
SoundC,50.159038478285424,1496831372162
Present,193,1496831372165
SoundRight,60.0653546906501,1496831375390
SoundC,48.55773214739296,1496831382167
Present,203,1496831382170
MoveFocus,GoTour,1496831384343
SoundRight,59.90081835920947,1496831385390
SoundC,69.11838317407611,1496831392183
Present,122,1496831392196
Seat5B,false,1496831394254
TotalSeatCount,2,1496831394254
Seat2B,true,1496831395354
TotalSeatCount,3,1496831395354
SoundRight,60.49406218813285,1496831395390
SoundC,51.62091662308819,1496831402212
Present,192,1496831402214
SoundRight,60.203081433943204,1496831405390
Seat6A,true,1496831405735
TotalSeatCount,4,1496831405735
SoundC,50.159038478285424,1496831412217
Present,187,1496831412219
SoundRight,62.192051092907306,1496831415394
SoundC,58.433135904413454,1496831422222
Present,191,1496831422224
SoundRight,63.48019621800066,1496831425393
Seat2B,false,1496831425395
TotalSeatCount,3,1496831425395
Seat2B,true,1496831430478
TotalSeatCount,4,1496831430478
SoundC,56.45426312235056,1496831432244
Present,199,1496831432246
SoundRight,63.091194655704044,1496831435393
SoundC,69.60540278108363,1496831442249
Present,191,1496831442251
MoveFocus,GoTour,1496831444450
SoundRight,63.683745482089336,1496831445392
SoundC,50.159038478285424,1496831452262
Present,190,1496831452265
SoundRight,63.04734921760511,1496831455390
SoundC,54.210802194865956,1496831462279
Present,187,1496831462282
SoundRight,63.916602415114916,1496831465390
Seat2B,false,1496831465527
TotalSeatCount,3,1496831465527
SoundC,56.45426312235056,1496831472284
Present,211,1496831472287
SoundRight,62.051629062591154,1496831475390
SoundC,62.551438321825636,1496831482289
Present,191,1496831482292
SoundRight,61.03531554650292,1496831485390
SoundC,48.55773214739296,1496831492302
Present,183,1496831492305
SoundRight,60.518051659782515,1496831495390
SoundC,66.44593723960276,1496831502308
Present,179,1496831502310
MoveFocus,GoTour,1496831504577
SoundRight,59.65292119698951,1496831505390
SoundC,46.78757012382582,1496831512312
Present,203,1496831512315
SoundRight,59.97137208562783,1496831515390
Seat6A,false,1496831515708
TotalSeatCount,2,1496831515708
SoundC,51.62091662308819,1496831522318
Present,201,1496831522321
SoundRight,59.09543488996034,1496831525390
Seat6A,true,1496831530781
TotalSeatCount,3,1496831530781
SoundC,54.210802194865956,1496831532340
Present,222,1496831532343
SoundRight,60.11987841752772,1496831535390
SoundC,70.987085069563,1496831542345
Present,214,1496831542348
SoundRight,59.910876303044084,1496831545390
SoundC,58.433135904413454,1496831552350
Present,141,1496831552361
SoundRight,60.05619256226437,1496831555390
SoundC,48.55773214739296,1496831562364
Present,218,1496831562366
MoveFocus,GoTour,1496831564689
SoundRight,60.316645220063556,1496831565390
SoundC,62.551438321825636,1496831572369
Present,216,1496831572371
SoundRight,60.73479874815541,1496831575391
SoundC,46.78757012382582,1496831582374
Present,217,1496831582377
SoundRight,60.88961598190783,1496831585391
SoundC,50.159038478285424,1496831592379
Present,171,1496831592382
SoundRight,59.75066745050649,1496831595390
SoundC,50.159038478285424,1496831602384
Present,214,1496831602398
Seat2B,true,1496831605366
Seat6A,false,1496831605366
TotalSeatCount,3,1496831605366
SoundRight,59.26454859537753,1496831605391
SoundC,57.472817393488484,1496831612400
Present,209,1496831612403
SoundRight,59.81583096970903,1496831615391
Seat2B,false,1496831615451
TotalSeatCount,2,1496831615451
SoundC,50.159038478285424,1496831622405
Present,207,1496831622408
MoveFocus,GoTour,1496831624826
SoundRight,59.56628258914731,1496831625391
SoundC,68.61682354019833,1496831632411
Present,216,1496831632413
SoundRight,58.82053509409106,1496831635390
Seat6A,true,1496831640860
TotalSeatCount,3,1496831640860
SoundC,44.808697341762915,1496831642415
Present,201,1496831642420
SoundRight,58.04821789062117,1496831645392
Seat6A,false,1496831645958
TotalSeatCount,2,1496831645958
SoundC,68.61682354019833,1496831652437
Present,233,1496831652440
SoundRight,58.14669426190766,1496831655391
SoundC,64.61127993529891,1496831662442
Present,210,1496831662445
SoundRight,59.30418859413593,1496831665391
Seat6A,true,1496831671021
TotalSeatCount,3,1496831671021
SoundC,58.433135904413454,1496831672447
Present,225,1496831672450
SoundRight,59.393893068136165,1496831675392
Seat6A,false,1496831676104
TotalSeatCount,2,1496831676104
SoundC,60.20329792798059,1496831682469
Present,226,1496831682472
MoveFocus,GoTour,1496831684913
SoundRight,59.78071936985512,1496831685392
SoundC,61.80460425887306,1496831692474
Present,236,1496831692477
SoundRight,59.969881813125795,1496831695391
SoundC,46.78757012382582,1496831702479
Present,224,1496831702491
SoundRight,60.50187339271767,1496831705390
SoundC,48.55773214739296,1496831712493
Present,235,1496831712496
SoundRight,60.44963406503998,1496831715392
SoundC,62.551438321825636,1496831722498
Present,226,1496831722501
SoundRight,59.86894864944191,1496831725390
SoundC,54.210802194865956,1496831732503
Present,221,1496831732506
SoundRight,59.963954382032554,1496831735390
SoundC,65.8563679754536,1496831742508
Present,211,1496831742511
MoveFocus,GoTour,1496831745025
SoundRight,60.33156162062622,1496831745390
SoundC,48.55773214739296,1496831752513
Present,215,1496831752516
SoundRight,60.69535506463854,1496831755390
SoundC,48.55773214739296,1496831762519
Present,215,1496831762522
SoundRight,60.38670718821833,1496831765390
SoundC,46.78757012382582,1496831772540
Present,203,1496831772543
SoundRight,60.212717191813354,1496831775390
SoundC,54.210802194865956,1496831782545
Present,220,1496831782548
SoundRight,59.536196753854576,1496831785390
SoundC,71.42349921662418,1496831792550
Present,222,1496831792562
SoundRight,59.220472045990014,1496831795390
SoundC,44.808697341762915,1496831802564
Present,216,1496831802567
MoveFocus,GoTour,1496831805123
SoundRight,59.06458548931408,1496831805390
SoundC,48.55773214739296,1496831812569
Present,234,1496831812572
SoundRight,58.486444032949386,1496831815390
Seat6A,true,1496831815874
TotalSeatCount,3,1496831815874
Seat6A,false,1496831820971
TotalSeatCount,2,1496831820971
SoundC,60.20329792798059,1496831822574
Present,223,1496831822586
SoundRight,59.293789418215475,1496831825403
SoundC,44.808697341762915,1496831832588
Present,225,1496831832591
SoundRight,59.99342936863882,1496831835390
SoundC,46.78757012382582,1496831842593
Present,204,1496831842596
SoundRight,60.521674359907394,1496831845390
SoundC,74.19700410241327,1496831852599
Present,201,1496831852610
SoundRight,60.6387352110719,1496831855392
SoundC,64.61127993529891,1496831862612
Present,143,1496831862615
MoveFocus,GoTour,1496831865230
SoundRight,60.87179535942714,1496831865392
SoundC,55.369951428718224,1496831872618
Present,131,1496831872620
SoundRight,61.357333209697714,1496831875393
Seat6A,true,1496831875991
TotalSeatCount,3,1496831875991
SoundC,48.55773214739296,1496831882623
Present,128,1496831882639
SoundRight,61.29843913715178,1496831885391
SoundC,61.023021476191225,1496831892643
Present,101,1496831892646
SoundRight,61.27721074922753,1496831895391
SoundC,65.24535518573873,1496831902649
Present,211,1496831902651
SoundRight,61.41844275951717,1496831905391
SoundC,44.808697341762915,1496831912654
Present,212,1496831912657
SoundRight,61.28198325352024,1496831915391
SoundC,56.45426312235056,1496831922659
Present,213,1496831922662
MoveFocus,GoTour,1496831925357
SoundRight,60.76542574152784,1496831925391
SoundC,50.159038478285424,1496831932664
Present,228,1496831932667
SoundRight,60.22825632282415,1496831935391
SoundC,61.80460425887306,1496831942669
Present,101,1496831942681
SoundRight,59.30304157340966,1496831945390
SoundC,51.62091662308819,1496831952683
Present,110,1496831952686
SoundRight,59.41659288416859,1496831955390
SoundC,62.551438321825636,1496831962688
Present,77,1496831962691
SoundRight,59.79415539506958,1496831965390
SoundC,50.159038478285424,1496831972694
Present,214,1496831972705
SoundRight,60.31572828139442,1496831975390
SoundC,51.62091662308819,1496831982707
Present,205,1496831982716
SoundRight,60.069674883842396,1496831985390
MoveFocus,GoTour,1496831985439
SoundC,55.369951428718224,1496831992720
Present,211,1496831992723
SoundRight,60.232130021623774,1496831995390
SoundC,59.341519288975356,1496832002725
Present,192,1496832002729
SoundRight,61.89808891166911,1496832005390
SoundC,50.159038478285424,1496832012731
Present,210,1496832012740
SoundRight,61.79857152605718,1496832015390
SoundC,50.159038478285424,1496832022744
Present,216,1496832022747
SoundRight,62.31519694827916,1496832025390
SoundC,63.26648240367583,1496832032749
Present,216,1496832032752
SoundRight,61.990501667317666,1496832035391
SoundC,52.96571415471127,1496832042772
Present,224,1496832042775
SoundRight,62.62089599488788,1496832045391
MoveFocus,GoTour,1496832045586
SoundC,62.551438321825636,1496832052785
Present,240,1496832052788
SoundRight,63.03331589932905,1496832055391
SoundC,54.210802194865956,1496832062797
Present,228,1496832062800
SoundRight,62.79696852707729,1496832065391
SoundC,57.472817393488484,1496832072802
Present,221,1496832072804
SoundRight,62.42110183473006,1496832075391
SoundC,72.26372429269907,1496832082806
Present,233,1496832082809
SoundRight,62.666095879299775,1496832085392
SoundC,48.55773214739296,1496832092811
Present,190,1496832092814
SoundRight,62.528412577249654,1496832095392
SoundC,55.369951428718224,1496832102824
Present,219,1496832102828
SoundRight,62.31009121962962,1496832105390
MoveFocus,GoTour,1496832105718
SoundC,50.159038478285424,1496832112831
Present,223,1496832112833
SoundRight,61.926143125042344,1496832115391
SoundC,48.55773214739296,1496832122836
Present,225,1496832122839
SoundRight,62.66105438761041,1496832125390
SoundC,62.551438321825636,1496832132841
Present,238,1496832132844
SoundRight,64.47973700754213,1496832135392
SoundC,46.78757012382582,1496832142854
Present,238,1496832142857
SoundRight,63.646010398262405,1496832145392
SoundC,60.20329792798059,1496832152864
Present,237,1496832152866
SoundRight,64.77909198714892,1496832155392
SoundC,50.159038478285424,1496832162868
Present,215,1496832162871
SoundRight,66.08861686085675,1496832165391
MoveFocus,GoTour,1496832165805
SoundC,48.55773214739296,1496832172882
Present,227,1496832172885
SoundRight,65.78663597576858,1496832175391
SoundC,52.96571415471127,1496832182887
Present,231,1496832182903
SoundRight,65.53029429057672,1496832185391
SoundC,60.20329792798059,1496832192907
Present,244,1496832192910
SoundRight,64.60116175993227,1496832195391
Seat2A,false,1496832201064
TotalSeatCount,2,1496832201069
SoundC,44.808697341762915,1496832202912
Present,234,1496832202915
SoundRight,64.8974578832652,1496832205392
SoundC,51.62091662308819,1496832212926
Present,236,1496832212929
SoundRight,65.07102352363833,1496832215391
SoundC,63.95233273361063,1496832222931
Present,221,1496832222933
SoundRight,66.32721077036793,1496832225391
MoveFocus,GoTour,1496832225897
SoundC,51.62091662308819,1496832232936
Present,231,1496832232939
SoundRight,67.04358964867828,1496832235392
Seat6A,false,1496832235637
TotalSeatCount,1,1496832235637
SoundC,50.159038478285424,1496832242941
Present,265,1496832242944
SoundRight,66.23743671195452,1496832245390
SoundC,60.20329792798059,1496832252966
Present,229,1496832252969
SoundRight,66.91220015428858,1496832255390
SoundC,50.159038478285424,1496832262971
Present,214,1496832262974
SoundRight,68.27245117083167,1496832265391
SoundC,66.44593723960276,1496832272976
Present,92,1496832272979
SoundRight,68.54499315728467,1496832275392
SoundC,55.369951428718224,1496832282998
Present,211,1496832283001
SoundRight,67.14159742270968,1496832285392
MoveFocus,GoTour,1496832286009
SoundC,44.808697341762915,1496832293003
Present,189,1496832293006
SoundRight,68.19841613594744,1496832295392
Seat6A,true,1496832295649
TotalSeatCount,2,1496832295649
Seat6A,false,1496832300717
TotalSeatCount,1,1496832300717
SoundC,64.61127993529891,1496832303008
Present,210,1496832303019
SoundRight,69.357700099439,1496832305392
SoundC,42.56523641427832,1496832313022
Present,222,1496832313024
SoundRight,68.93500642062573,1496832315392
Seat6A,true,1496832315800
TotalSeatCount,2,1496832315800
Seat6A,false,1496832320903
TotalSeatCount,1,1496832320903
SoundC,55.369951428718224,1496832323035
Present,217,1496832323038
SoundRight,67.64397709818189,1496832325391
SoundC,48.55773214739296,1496832333040
Present,218,1496832333043
SoundRight,66.30265756719272,1496832335392
Seat6A,true,1496832335956
TotalSeatCount,2,1496832335956
Seat6A,false,1496832341053
TotalSeatCount,1,1496832341053
SoundC,68.0998289029382,1496832343055
Present,226,1496832343058
SoundRight,66.7297537252305,1496832345391
MoveFocus,GoTour,1496832346101
SoundC,46.78757012382582,1496832353060
Present,237,1496832353063
SoundRight,66.00980977957556,1496832355391
SoundC,62.551438321825636,1496832363065
Present,233,1496832363068
SoundRight,64.64134310393743,1496832365403
SoundC,48.55773214739296,1496832373070
Present,202,1496832373073
SoundRight,65.16394103776639,1496832375391
SoundC,54.210802194865956,1496832383075
Present,233,1496832383078
SoundRight,64.79699090689579,1496832385391
SoundC,55.369951428718224,1496832393080
Present,203,1496832393083
SoundRight,64.90740252878744,1496832395392
SoundC,48.55773214739296,1496832403086
Present,203,1496832403088
SoundRight,64.12524161322816,1496832405392
MoveFocus,GoTour,1496832406263
SoundC,44.808697341762915,1496832413090
Present,203,1496832413093
SoundRight,63.36018191515841,1496832415391
SoundC,67.01551720930587,1496832423095
Present,193,1496832423098
SoundRight,64.85907804076922,1496832425391
SoundC,66.44593723960276,1496832433118
Present,188,1496832433121
SoundRight,64.1142215238249,1496832435392
SoundC,56.45426312235056,1496832443123
Present,190,1496832443126
SoundRight,64.99332144201027,1496832445392
Seat6A,true,1496832450967
TotalSeatCount,2,1496832450967
SoundC,58.433135904413454,1496832453128
Present,222,1496832453131
SoundRight,66.37393746068132,1496832455392
Seat6A,false,1496832456074
TotalSeatCount,1,1496832456074
SoundC,67.01551720930587,1496832463133
Present,197,1496832463136
SoundRight,66.33624429967449,1496832465392
MoveFocus,GoTour,1496832466365
SoundC,48.55773214739296,1496832473138
Present,201,1496832473141
SoundRight,67.07752580966968,1496832475391
SoundC,46.78757012382582,1496832483144
Present,219,1496832483161
SoundRight,66.51373624891136,1496832485390
Seat6A,true,1496832486090
TotalSeatCount,2,1496832486090
SoundC,50.159038478285424,1496832493165
Present,223,1496832493168
SoundRight,66.74712125657189,1496832495391
SoundC,68.61682354019833,1496832503170
Present,170,1496832503173
SoundRight,66.77574786260206,1496832505392
SoundC,52.96571415471127,1496832513183
Present,184,1496832513194
SoundRight,66.68339812754597,1496832515392
SoundC,42.56523641427832,1496832523197
Present,198,1496832523200
SoundRight,65.65716483808298,1496832525390
MoveFocus,GoTour,1496832526457
SoundC,50.159038478285424,1496832533202
Present,212,1496832533204
SoundRight,66.09064672335437,1496832535392
SoundC,58.433135904413454,1496832543207
Present,239,1496832543218
SoundRight,66.12295987397295,1496832545390
Seat6A,false,1496832546067
TotalSeatCount,1,1496832546067
SoundC,69.60540278108363,1496832553221
Present,241,1496832553224
SoundRight,66.61162754981116,1496832555390
SoundC,44.808697341762915,1496832563226
Present,239,1496832563229
SoundRight,66.93102488441073,1496832565391
SoundC,71.84886370856825,1496832573231
Present,242,1496832573234
SoundRight,67.36387805213326,1496832575391
SoundC,63.95233273361063,1496832583236
Present,240,1496832583239
SoundRight,68.70946327713982,1496832585391
MoveFocus,GoTour,1496832586564
SoundC,42.56523641427832,1496832593242
Present,257,1496832593244
SoundRight,67.75967163065845,1496832595391
SoundC,50.159038478285424,1496832603247
Present,269,1496832603250
SoundRight,66.64058328807992,1496832605391
SoundC,48.55773214739296,1496832613252
Present,218,1496832613255
SoundRight,65.47182578912368,1496832615391
SoundC,58.433135904413454,1496832623257
Present,196,1496832623260
SoundRight,64.16285457160969,1496832625391
SoundC,58.433135904413454,1496832633262
Present,181,1496832633265
SoundRight,63.04101222199274,1496832635390
SoundC,59.341519288975356,1496832643268
Present,215,1496832643270
SoundRight,61.98217062491294,1496832645392
MoveFocus,GoTour,1496832646691
SoundC,42.56523641427832,1496832653273
Present,218,1496832653276
SoundRight,61.79223145559715,1496832655394
SoundC,61.80460425887306,1496832663278
Present,229,1496832663281
SoundRight,61.44243001655388,1496832665392
SoundC,57.472817393488484,1496832673283
Present,200,1496832673286
SoundRight,61.679287664731035,1496832675392
SoundC,54.210802194865956,1496832683289
Present,179,1496832683291
SoundRight,60.665184351412,1496832685392
SoundC,50.159038478285424,1496832693294
Present,167,1496832693297
SoundRight,60.243370811670204,1496832695392
SoundC,60.20329792798059,1496832703299
Present,232,1496832703302
SoundRight,60.45232342100442,1496832705392
MoveFocus,GoTour,1496832706783
SoundC,58.433135904413454,1496832713304
Present,238,1496832713307
SoundRight,61.61672454199684,1496832715390
SoundC,66.44593723960276,1496832723309
Present,239,1496832723312
SoundRight,63.79825805374913,1496832725391
SoundC,64.61127993529891,1496832733314
Present,207,1496832733319
SoundRight,65.60442246330607,1496832735390
SoundC,51.62091662308819,1496832743321
Present,217,1496832743324
SoundRight,68.86128752492955,1496832745391
SoundC,57.472817393488484,1496832753326
Present,189,1496832753329
SoundRight,70.06340504744622,1496832755391
SoundC,50.159038478285424,1496832763335
Present,197,1496832763338
SoundRight,72.23347088251363,1496832765391
MoveFocus,GoTour,1496832766885
SoundC,60.20329792798059,1496832773340
Present,199,1496832773343
SoundRight,73.7891844256694,1496832775391
SoundC,67.01551720930587,1496832783346
Present,213,1496832783349
SoundRight,74.43697612090135,1496832785391
SoundC,62.551438321825636,1496832793351
Present,216,1496832793354
SoundRight,73.21330921429984,1496832795391
SoundC,72.26372429269907,1496832803356
Present,216,1496832803359
SoundRight,71.9410682754328,1496832805391
SoundC,48.55773214739296,1496832813361
Present,214,1496832813364
SoundRight,70.13188145560865,1496832815391
SoundC,44.808697341762915,1496832823366
Present,225,1496832823370
SoundRight,67.41186608337644,1496832825391
MoveFocus,GoTour,1496832826977
SoundC,52.96571415471127,1496832833372
Present,219,1496832833375
SoundRight,64.69493499226006,1496832835391
SoundC,81.00922338373856,1496832843377
Present,225,1496832843380
Seat2B,true,1496832843966
TotalSeatCount,2,1496832843966
SoundRight,66.12318155970192,1496832845391
SoundC,84.5129837602938,1496832853382
Present,233,1496832853385
SoundRight,69.23912185240216,1496832855391
SoundC,63.26648240367583,1496832863388
Present,248,1496832863390
SoundRight,70.84983778465127,1496832865392
SoundC,50.159038478285424,1496832873392
Present,264,1496832873395
SoundRight,72.80076279626529,1496832875392
SoundC,60.20329792798059,1496832883398
Present,252,1496832883400
SoundRight,73.86535588856354,1496832885392
MoveFocus,GoTour,1496832887094
SoundC,42.56523641427832,1496832893403
Present,179,1496832893405
SoundRight,75.4556686650078,1496832895391
SoundC,70.987085069563,1496832903408
Present,199,1496832903411
SoundRight,73.08932552951156,1496832905390
SoundC,58.433135904413454,1496832913413
Present,204,1496832913416
SoundRight,71.13937682956858,1496832915390
Seat6A,true,1496832920482
TotalSeatCount,3,1496832920482
SoundC,56.45426312235056,1496832923418
Present,209,1496832923421
SoundRight,69.54339397356429,1496832925391
SoundC,46.78757012382582,1496832933423
Present,211,1496832933426
SoundRight,67.9990628134794,1496832935391
SoundC,52.96571415471127,1496832943428
Present,215,1496832943431
SoundRight,68.11920503181165,1496832945391
MoveFocus,GoTour,1496832947171
SoundC,42.56523641427832,1496832953433
Present,216,1496832953436
SoundRight,66.97062990932454,1496832955391
Seat2B,false,1496832958827
TotalSeatCount,2,1496832958827
SoundC,50.159038478285424,1496832963438
Present,207,1496832963441
SoundRight,66.17011722982346,1496832965391
SoundC,42.56523641427832,1496832973444
Present,199,1496832973446
SoundRight,64.1235350924725,1496832975390
SoundC,44.808697341762915,1496832983449
Present,232,1496832983451
SoundRight,64.14865324866655,1496832985392
SoundC,60.20329792798059,1496832993454
Present,176,1496832993457
SoundRight,65.56216109348716,1496832995391
Seat6A,false,1496832995461
TotalSeatCount,1,1496832995461
SoundC,44.808697341762915,1496833003459
Present,195,1496833003462
SoundRight,64.97764127767744,1496833005391
MoveFocus,GoTour,1496833007268
SoundC,50.159038478285424,1496833013464
Present,202,1496833013467
SoundRight,64.45118501198301,1496833015391
SoundC,78.9387917919758,1496833023469
Present,213,1496833023478
SoundRight,65.54074238905139,1496833025391
SoundC,60.20329792798059,1496833033482
Present,211,1496833033485
SoundRight,66.07519572396487,1496833035391
SoundC,58.433135904413454,1496833043487
Present,216,1496833043490
SoundRight,65.43600554857305,1496833045391
Seat2B,true,1496833048640
TotalSeatCount,2,1496833048640
Seat1B,true,1496833049895
TotalSeatCount,3,1496833049895
SoundC,59.341519288975356,1496833053493
Present,110,1496833053496
SoundRight,65.26169407452268,1496833055391
Seat2B,false,1496833058725
TotalSeatCount,2,1496833058725
